0, 23.24
1, 23.24
2, 23.73
3, 23.24
4, 23.24
5, 23.24
6, 23.24
7, 23.24
8, 22.75
9, 23.24
10, 23.24
11, 23.24
12, 22.75
13, 23.73
14, 22.75
15, 22.75
16, 23.24
17, 23.24
18, 22.75
19, 22.75
20, 23.24
21, 23.24
22, 23.24
23, 22.75
24, 23.24
25, 22.75
26, 22.75
27, 22.75
28, 22.75
29, 23.24
30, 22.27
31, 22.75
32, 23.24
33, 22.75
34, 22.75
35, 22.75
36, 22.27
37, 22.27
38, 22.27
39, 22.75
40, 22.75
41, 22.75
42, 23.24
43, 23.73
44, 23.73
45, 23.73
46, 24.22
47, 24.22
48, 24.71
49, 24.71
50, 25.20
51, 25.20
52, 25.20
53, 25.20
54, 25.20
55, 25.68
56, 25.68
57, 25.68
58, 26.17
59, 25.68
60, 26.17
61, 26.66
62, 26.66
63, 26.66
64, 26.66
65, 26.66
66, 26.66
67, 26.66
68, 27.15
69, 27.15
70, 26.66
71, 27.15
72, 27.15
73, 27.15
74, 27.64
75, 27.64
76, 27.15
77, 27.15
78, 27.64
79, 27.64
80, 27.64
81, 27.64
82, 27.64
83, 27.64
84, 27.64
85, 27.64
86, 27.64
87, 28.13
88, 28.13
89, 27.64
90, 27.64
91, 27.64
92, 26.66
93, 27.64
94, 27.64
95, 27.15
96, 27.15
97, 27.15
98, 26.17
99, 26.66
100, 26.66
101, 27.64
102, 27.64
103, 27.64
104, 26.66
105, 27.15
106, 27.15
107, 27.15
108, 26.66
109, 26.17
110, 26.17
111, 27.15
112, 25.68
113, 27.15
114, 26.66
115, 26.17
116, 26.66
117, 27.15
118, 26.17
119, 26.17
120, 26.17
121, 26.17
122, 26.17
123, 26.17
124, 25.68
125, 25.68
126, 25.68
127, 25.68
128, 26.17
129, 26.17
130, 25.68
131, 25.68
132, 26.17
133, 26.17
134, 25.68
135, 25.68
136, 25.68
137, 25.68
138, 26.17
139, 25.68
140, 25.68
141, 25.20
142, 25.68
143, 26.17
144, 25.20
145, 25.68
146, 25.20
147, 25.20
148, 25.68
149, 25.20
150, 25.68
151, 25.20
152, 25.20
153, 25.68
154, 25.20
155, 25.20
156, 24.71
157, 25.20
158, 24.22
159, 25.20
160, 25.20
161, 24.71
162, 24.71
163, 24.71
164, 25.20
165, 24.71
166, 24.71
167, 25.20
168, 24.71
169, 24.71
170, 25.20
171, 24.71
172, 24.71
173, 24.22
174, 24.71
175, 24.71
176, 24.71
177, 24.22
178, 24.71
179, 24.71
180, 24.71
181, 24.71
182, 24.71
183, 24.22
184, 24.22
185, 24.71
186, 24.22
187, 24.22
188, 24.22
189, 24.22
190, 24.22
191, 23.73
192, 23.73
193, 24.22
194, 23.73
195, 24.22
196, 23.73
197, 23.73
198, 23.73
199, 23.73
200, 24.22
201, 24.22
202, 24.22
203, 23.73
204, 24.22
205, 24.22
206, 24.22
207, 23.73
208, 24.22
209, 23.73
210, 24.22
211, 24.22
212, 24.22
213, 24.22
214, 23.73
215, 24.22
216, 23.73
217, 23.73
218, 23.73
219, 23.73
220, 23.73
221, 23.73
222, 23.73
223, 23.73
224, 24.22
225, 23.73
226, 23.73
227, 23.73
228, 23.73
229, 23.24
230, 23.73
231, 23.73
232, 23.24
233, 23.73
234, 23.73
235, 23.24
236, 23.73
237, 23.24
238, 23.24
239, 23.73
240, 22.75
241, 23.24
242, 23.24
243, 23.24
244, 23.73
245, 23.24
246, 23.24
247, 23.73
248, 23.73
249, 23.24
250, 23.24
251, 23.73
252, 23.24
253, 23.24
254, 23.24
255, 23.24
256, 23.73
257, 23.73
258, 23.73
259, 23.73
260, 23.73
261, 23.73
262, 23.24
263, 23.73
264, 23.24
265, 23.24
266, 23.24
267, 23.73
268, 23.24
269, 23.73
270, 23.73
271, 23.24
272, 23.73
273, 23.73
274, 23.24
275, 22.75
276, 23.24
277, 23.24
278, 23.24
279, 23.73
280, 23.24
281, 23.24
282, 23.24
283, 23.24
284, 23.24
285, 23.24
286, 23.24
287, 22.75
288, 23.24
289, 23.24
290, 23.24
291, 23.73
292, 23.24
293, 22.75
294, 23.24
295, 23.24
296, 22.75
297, 22.75
298, 23.24
299, 23.24
300, 22.75
301, 23.24
302, 23.24
303, 22.75
304, 23.24
305, 22.75
306, 23.24
307, 23.24
308, 23.24
309, 23.24
310, 23.24
311, 23.24
312, 22.75
313, 23.24
314, 23.24
315, 23.24
316, 22.75
317, 22.75
318, 23.24
319, 23.24
320, 22.75
321, 23.24
322, 22.27
323, 22.75
324, 22.75
325, 22.75
326, 23.24
327, 22.75
328, 23.24
329, 22.75
330, 23.24
331, 22.27
332, 23.24
333, 22.75
334, 22.75
335, 22.75
336, 23.24
337, 22.75
338, 22.75
339, 23.24
340, 22.75
341, 22.75
342, 22.75
343, 23.24
344, 23.24
345, 22.75
346, 22.75
347, 22.75
348, 22.75
349, 22.75
350, 22.75
351, 22.75
352, 22.75
353, 22.75
354, 22.75
355, 22.75
356, 22.75
357, 22.75
358, 23.24
359, 22.75
360, 22.75
361, 21.78
362, 23.24
363, 22.27
364, 22.75
365, 22.75
366, 22.27
367, 22.75
368, 22.75
369, 22.75
370, 22.75
371, 22.75
372, 23.24
373, 22.75
374, 22.75
375, 22.75
376, 22.75
377, 22.75
378, 22.75
379, 22.27
380, 22.27
381, 22.75
382, 22.75
383, 22.75
384, 22.27
385, 22.27
386, 22.75
387, 22.75
388, 22.75
389, 22.75
390, 22.27
391, 22.75
392, 22.75
393, 22.27
394, 23.24
395, 22.27
396, 22.75
397, 22.27
398, 22.75
399, 22.75
400, 22.75
401, 22.75
402, 22.27
403, 22.27
404, 22.27
405, 22.27
406, 22.27
407, 22.75
408, 22.27
409, 22.75
410, 22.75
411, 22.75
412, 22.75
413, 22.75
414, 22.27
415, 22.27
416, 22.75
417, 22.27
418, 22.27
419, 22.75
420, 22.75
421, 22.75
422, 22.27
423, 22.27
424, 22.27
425, 22.27
426, 22.75
427, 22.27
428, 22.75
429, 22.27
430, 22.75
431, 22.75
432, 22.27
433, 22.27
434, 22.27
435, 22.75
436, 22.27
437, 22.75
438, 22.27
439, 22.75
440, 22.27
441, 22.75
442, 22.27
443, 22.27
444, 22.27
445, 22.75
446, 22.27
447, 22.75
448, 22.75
449, 22.75
450, 22.27
451, 22.75
452, 22.27
453, 22.27
454, 22.27
455, 22.27
456, 22.27
457, 22.75
458, 22.27
459, 22.27
460, 22.27
461, 22.75
462, 22.75
463, 22.27
464, 22.27
465, 22.27
466, 22.27
467, 22.27
468, 22.27
469, 22.75
470, 22.27
471, 22.27
472, 22.27
473, 22.75
474, 22.27
475, 22.27
476, 22.27
477, 22.75
478, 22.27
479, 22.75
480, 21.78
481, 22.27
482, 22.27
483, 22.27
484, 22.75
485, 22.27
486, 22.75
487, 22.27
488, 22.27
489, 22.27
490, 22.75
491, 22.27
492, 22.27
493, 22.27
494, 22.27
495, 21.78
496, 22.27
497, 21.29
498, 21.29
499, 21.78
500, 21.78
501, 22.27
502, 21.78
503, 22.27
504, 22.27
505, 22.27
506, 22.27
507, 22.27
508, 21.78
509, 22.27
510, 22.27
511, 22.27
512, 22.27
513, 21.78
514, 22.27
515, 22.27
516, 21.78
517, 22.27
518, 21.78
519, 22.27
520, 21.78
521, 22.27
522, 22.75
523, 22.27
524, 22.27
525, 21.78
526, 22.27
527, 22.27
528, 22.27
529, 22.27
530, 22.27
531, 22.27
532, 22.27
533, 22.27
534, 21.78
535, 22.27
536, 21.78
537, 22.27
538, 22.27
539, 21.78
540, 21.78
541, 21.78
542, 22.27
543, 21.78
544, 22.27
545, 22.27
546, 22.27
547, 22.27
548, 22.27
549, 22.27
550, 21.78
551, 22.27
552, 22.27
553, 22.27
554, 22.27
555, 22.27
556, 22.27
557, 21.78
558, 22.27
559, 21.78
560, 22.27
561, 21.78
562, 22.27
563, 22.27
564, 22.27
565, 21.78
566, 21.78
567, 22.27
568, 22.27
569, 21.78
570, 22.27
571, 22.27
572, 22.27
573, 21.78
574, 22.27
575, 21.78
576, 22.27
577, 22.27
578, 21.78
579, 22.27
580, 22.27
581, 22.27
582, 21.78
583, 21.78
584, 21.78
585, 22.27
586, 21.78
587, 22.27
588, 22.27
589, 21.78
590, 21.78
591, 22.27
592, 22.27
593, 21.29
594, 21.78
595, 20.80
596, 22.27
597, 22.27
598, 21.29
599, 21.29
600, 21.29
601, 21.78
602, 22.27
603, 22.27
604, 21.78
605, 22.75
606, 23.24
607, 23.73
608, 23.73
609, 23.73
610, 24.22
611, 23.73
612, 23.73
613, 24.71
614, 23.73
615, 24.22
616, 23.73
